     0/499     4.09G     0.085  0.009111         0   0.09411         5       416   0.04892   0.09961    0.0222  0.003516    0.0784  0.007731         0
     1/499     4.35G   0.05956  0.008464         0   0.06802         4       416   0.03817    0.1591   0.02531  0.006432   0.06342  0.007602         0
     2/499     4.35G   0.05424   0.00829         0   0.06253         4       416    0.1156   0.08668   0.03688   0.01366   0.05976  0.007561         0
     3/499     4.35G   0.05245  0.008267         0   0.06072         4       416    0.1208   0.09961   0.03587   0.01056   0.05933  0.007503         0
     4/499     4.35G   0.05194  0.008148         0   0.06009         4       416    0.1022    0.1221   0.05655   0.02285    0.0581  0.007557         0
     5/499     4.35G   0.05173  0.008179         0   0.05991         4       416   0.04835    0.2018   0.02678  0.005468   0.05794  0.007541         0
     6/499     4.35G    0.0516  0.008093         0   0.05969         4       416    0.1029   0.09832   0.03649    0.0133   0.05851  0.007418         0
     7/499     4.35G   0.05247  0.008006         0   0.06047         3       416   0.02179    0.2238   0.01377  0.002366   0.05811  0.007639         0
     8/499     4.35G   0.05105  0.008139         0   0.05919         4       416   0.07442     0.132    0.0313  0.008273   0.05834  0.007425         0
     9/499     4.35G   0.05048  0.008153         0   0.05864         5       416   0.04533    0.1371   0.02737   0.00738   0.05714  0.007519         0
    10/499     4.35G   0.05001  0.008123         0   0.05813         5       416    0.1128    0.1048   0.03242  0.007979   0.05709  0.007487         0
    11/499     4.35G   0.04881   0.00821         0   0.05702         4       416    0.1146   0.09444    0.0325  0.008986   0.05654  0.007492         0
    12/499     4.35G   0.04766  0.008237         0    0.0559         4       416   0.04002    0.1863   0.02058  0.004432   0.05673  0.007522         0
    13/499     4.35G   0.04785  0.008291         0   0.05614         3       416   0.02507    0.3364   0.01492  0.003081    0.0557  0.007568         0
    14/499     4.35G   0.04681  0.008332         0   0.05515         3       416   0.07045    0.1229   0.02512  0.006258   0.05458  0.007646         0
    15/499     4.35G   0.04745  0.008341         0   0.05579         4       416    0.1158   0.09573   0.02975  0.008448   0.05591  0.007504         0
    16/499     4.35G   0.04651  0.008375         0   0.05488         3       416   0.08162    0.1164   0.03686   0.01208   0.05579   0.00753         0
    17/499     4.35G   0.04666  0.008303         0   0.05496         4       416   0.05229    0.1798   0.03095  0.009114   0.05521  0.007569         0
    18/499     4.35G   0.04643  0.008308         0   0.05474         3       416    0.1224    0.1009   0.03225  0.009686   0.05523  0.007576         0
    19/499     4.35G   0.04686  0.008397         0   0.05525         4       416    0.1087   0.09959   0.02936  0.007984   0.05419  0.007651         0
    20/499     4.35G   0.04567  0.008347         0   0.05402         4       416   0.02736    0.2885   0.01579  0.003542   0.05435  0.007671         0
    21/499     4.35G   0.04659  0.008285         0   0.05488         3       416   0.06593    0.1138   0.02975  0.007526     0.054  0.007628         0
    22/499     4.35G    0.0455  0.008407         0   0.05391         5       416    0.1177   0.09702   0.04441   0.01755   0.05489  0.007543         0
    23/499     4.35G    0.0451  0.008377         0   0.05348         4       416    0.1239    0.1022   0.03454  0.009039    0.0545  0.007587         0
    24/499     4.35G   0.04581  0.008338         0   0.05415         4       416    0.1159    0.1022   0.03169  0.008181   0.05432  0.007618         0
    25/499     4.35G    0.0453  0.008406         0   0.05371         4       416    0.1169    0.0959   0.04578   0.01466   0.05442  0.007685         0
    26/499     4.35G   0.04647  0.008279         0   0.05475         5       416    0.1038    0.1087   0.03218  0.008283   0.05422  0.007694         0
    27/499     4.35G   0.04549  0.008366         0   0.05386         5       416   0.05153    0.1578    0.0261  0.006377   0.05494  0.007715         0
    28/499     4.35G   0.04516  0.008467         0   0.05363         5       416   0.06257      0.11   0.02853   0.00687   0.05376   0.00772         0
    29/499     4.35G    0.0454  0.008403         0    0.0538         4       416     0.105     0.105   0.03296  0.009092   0.05469  0.007599         0
    30/499     4.35G   0.04538  0.008403         0   0.05379         4       416    0.1617   0.09314   0.03941   0.01216   0.05313  0.007747         0
    31/499     4.35G   0.04487  0.008395         0   0.05327         5       416    0.1436   0.09702   0.04473   0.01411   0.05395  0.007823         0
    32/499     4.35G   0.04508  0.008475         0   0.05356         4       416    0.2277   0.07503   0.04901   0.01568   0.05449  0.007696         0
    33/499     4.35G   0.04513  0.008473         0    0.0536         4       416    0.1653   0.06468   0.05284   0.01772   0.05381   0.00773         0
    34/499     4.35G   0.04506  0.008454         0   0.05352         4       416    0.1102   0.08538   0.02815  0.007737   0.05308  0.007714         0
    35/499     4.35G   0.04494  0.008399         0   0.05334         4       416   0.05865    0.1138   0.02945  0.007945   0.05352  0.007753         0
    36/499     4.35G   0.04462   0.00842         0   0.05304         5       416    0.2297   0.05304   0.05668   0.02379   0.05222  0.007771         0
    37/499     4.35G   0.04425  0.008516         0   0.05277         5       416     0.165   0.09314   0.08146    0.0328   0.05172  0.007805         0
    38/499     4.35G   0.04484  0.008437         0   0.05327         5       416   0.03539    0.1125    0.0168   0.00406   0.05329  0.007757         0
    39/499     4.35G   0.04531  0.008441         0   0.05375         5       416    0.4406   0.06598   0.07331   0.02875   0.05862  0.007529         0
    40/499     4.35G   0.04463  0.008431         0   0.05306         4       416  0.007429    0.4114  0.004949 0.0008535   0.06096  0.007491         0
    41/499     4.35G   0.04429  0.008509         0    0.0528         5       416    0.1532   0.09961   0.05123   0.01894   0.05376  0.007645         0
    42/499     4.35G   0.04491  0.008392         0    0.0533         5       416   0.08714   0.07245   0.02628  0.007092   0.05302  0.007691         0
    43/499     4.35G   0.04439  0.008399         0   0.05279         4       416    0.1125   0.09314    0.0294  0.008511    0.0521  0.007752         0
    44/499     4.35G   0.04406  0.008403         0   0.05246         4       416      0.15   0.09961   0.04638   0.01581   0.05439   0.00759         0
    45/499     4.35G   0.04388   0.00844         0   0.05232         3       416    0.2452   0.07891   0.06998   0.02468   0.05512  0.007771         0
    46/499     4.35G     0.045  0.008345         0   0.05334         4       416    0.2739   0.06856   0.06283    0.0243   0.05313  0.007648         0
    47/499     4.35G   0.04348  0.008443         0   0.05192         4       416    0.1803   0.09314   0.06554   0.02264   0.05221  0.007711         0
    48/499     4.35G   0.04414  0.008458         0    0.0526         3       416    0.1796   0.05175   0.03273  0.009209   0.05191  0.007805         0
    49/499     4.35G   0.04399  0.008408         0    0.0524         5       416    0.0296    0.1824   0.01748   0.00383    0.0507  0.007853         0
    50/499     4.35G   0.04409  0.008462         0   0.05255         5       416    0.1498   0.08797   0.06275   0.02444   0.05169  0.007729         0
    51/499     4.35G   0.04412  0.008438         0   0.05256         4       416    0.1543   0.08926   0.07105   0.02954   0.05407  0.007597         0
    52/499     4.35G    0.0437  0.008498         0   0.05219         4       416    0.4234   0.06839   0.06629   0.02597   0.05171  0.007738         0
    53/499     4.35G   0.04376  0.008532         0   0.05229         5       416     0.367   0.07762   0.08041   0.02636   0.05135  0.007771         0
    54/499     4.35G   0.04291  0.008495         0   0.05141         5       416    0.1613   0.09185    0.0579   0.02195    0.0535  0.007621         0
    55/499     4.35G   0.04355  0.008392         0   0.05194         5       416    0.1261   0.07633   0.05555   0.01996   0.05255  0.007725         0
    56/499     4.35G   0.04355  0.008449         0     0.052         4       416    0.1203   0.04916   0.03398   0.01196   0.05145  0.007762         0
    57/499     4.35G   0.04354  0.008396         0   0.05193         4       416   0.05066    0.1384   0.05762    0.0206   0.05116  0.007781         0
    58/499     4.35G   0.04325  0.008434         0   0.05168         5       416    0.2092    0.1022   0.07529   0.02765   0.05114  0.007723         0
    59/499     4.35G   0.04321  0.008461         0   0.05167         4       416    0.1324   0.07891   0.04703   0.01596   0.05347  0.007686         0
    60/499     4.35G   0.04356  0.008474         0   0.05204         5       416    0.1686   0.09314   0.06652   0.02466   0.05224  0.007754         0
    61/499     4.35G   0.04395  0.008398         0   0.05235         3       416    0.1017    0.1151   0.04604   0.01564   0.05212  0.007755         0
    62/499     4.35G   0.04319  0.008487         0   0.05168         4       416    0.1814    0.1229   0.06662   0.02351    0.0525  0.007655         0
    63/499     4.35G   0.04411  0.008423         0   0.05253         3       416    0.2335   0.08668   0.05792   0.02107   0.05165  0.007773         0
    64/499     4.35G   0.04387  0.008417         0   0.05229         4       416    0.1995    0.1138   0.07879   0.02928   0.05148  0.007811         0
    65/499     4.35G   0.04326  0.008479         0   0.05174         3       416    0.1473    0.1125   0.04923   0.01487     0.052  0.007698         0
    66/499     4.35G   0.04243  0.008479         0   0.05091         3       416    0.1112   0.08279   0.03522   0.01192   0.05249  0.007741         0
    67/499     4.35G   0.04346   0.00842         0   0.05188         5       416    0.1573      0.11   0.04787   0.01427   0.05186  0.007748         0
    68/499     4.35G   0.04372    0.0084         0   0.05212         4       416    0.2588   0.09314   0.08989   0.03341   0.05274  0.007549         0
    69/499     4.35G   0.04323  0.008519         0   0.05175         3       416    0.1438    0.1087   0.04977    0.0155   0.05447  0.007477         0
    70/499     4.35G   0.04321  0.008473         0   0.05168         4       416    0.1343    0.1397   0.08888   0.03276   0.05104  0.007736         0
    71/499     4.35G   0.04357  0.008454         0   0.05202         5       416    0.3062   0.09591   0.09046   0.03223   0.05171   0.00763         0
    72/499     4.35G   0.04369  0.008437         0   0.05212         3       416    0.2786    0.1035   0.08149    0.0282   0.05141  0.007773         0
    73/499     4.35G   0.04305  0.008429         0   0.05148         4       416    0.1619    0.1074   0.06938   0.02127    0.0518  0.007707         0
    74/499     4.35G    0.0428  0.008427         0   0.05123         5       416    0.1216    0.1488   0.07987   0.02757   0.05106   0.00777         0
    75/499     4.35G   0.04273  0.008444         0   0.05117         4       416    0.2458   0.07762   0.07485   0.02696   0.05076  0.007806         0
    76/499     4.35G   0.04348  0.008479         0   0.05196         5       416    0.1812    0.1371   0.09584    0.0328   0.05055  0.007711         0
    77/499     4.35G   0.04299  0.008443         0   0.05143         4       416    0.1375    0.1656    0.0852   0.02724   0.05118  0.007714         0
    78/499     4.35G   0.04308  0.008405         0   0.05149         5       416    0.2355    0.1125   0.09125   0.03439    0.0512  0.007697         0
    79/499     4.35G   0.04352  0.008297         0   0.05182         4       416    0.1957    0.1307   0.09888   0.02845   0.05167  0.007676         0
    80/499     4.35G   0.04266  0.008451         0   0.05111         4       416    0.1409    0.1125   0.04931   0.01376   0.05183  0.007684         0
    81/499     4.35G    0.0425  0.008465         0   0.05097         5       416    0.2114    0.1216   0.07686   0.02591    0.0513  0.007719         0
    82/499     4.35G   0.04235  0.008439         0   0.05079         5       416    0.1541    0.1362   0.06796   0.01794   0.05083  0.007682         0
    83/499     4.35G   0.04201  0.008507         0   0.05052         4       416    0.4368   0.09531    0.1005    0.0414   0.05262   0.00763         0
    84/499     4.35G   0.04294  0.008447         0   0.05139         4       416    0.2466      0.11    0.1006   0.03707   0.04979  0.007814         0
    85/499     4.35G   0.04261  0.008394         0   0.05101         5       416    0.1668   0.08926   0.04814   0.01478   0.05897  0.007293         0
    86/499     4.35G   0.04236  0.008383         0   0.05074         3       416    0.1996    0.1462    0.1059   0.04073   0.05274  0.007542         0
    87/499     4.35G   0.04199  0.008426         0   0.05041         5       416    0.2217    0.1358    0.0767   0.02297   0.05033  0.007747         0
    88/499     4.35G   0.04312  0.008375         0    0.0515         4       416     0.181    0.1367   0.08535   0.02942   0.05062  0.007756         0
    89/499     4.35G   0.04192  0.008486         0    0.0504         4       416    0.1771    0.1514   0.07319   0.02168   0.05166  0.007746         0
    90/499     4.35G   0.04219  0.008498         0   0.05068         4       416    0.2502    0.1216    0.0985   0.03942   0.05021   0.00774         0
    91/499     4.35G   0.04274  0.008483         0   0.05122         5       416    0.2073    0.1436    0.1031   0.03425   0.05107   0.00767         0
    92/499     4.35G   0.04241  0.008395         0    0.0508         4       416    0.2681    0.1151   0.09503   0.03156   0.05129   0.00767         0
    93/499     4.35G   0.04192   0.00849         0   0.05042         4       416    0.2236    0.1462    0.1015   0.03647   0.05133  0.007635         0
    94/499     4.35G   0.04251  0.008388         0    0.0509         3       416    0.2695    0.1216   0.09604   0.03698   0.05035  0.007699         0
    95/499     4.35G   0.04186  0.008472         0   0.05033         5       416    0.2453    0.1392   0.09371   0.03499   0.05102  0.007691         0
    96/499     4.35G   0.04196  0.008523         0   0.05048         5       416    0.2399     0.125    0.1035   0.03822   0.04979  0.007738         0
    97/499     4.35G   0.04198  0.008513         0   0.05049         4       416    0.2029    0.1345   0.09805   0.03534   0.04939  0.007757         0
    98/499     4.35G   0.04259  0.008396         0   0.05098         5       416    0.2041    0.1475   0.09234   0.03152   0.05156  0.007684         0
    99/499     4.35G   0.04261  0.008458         0   0.05107         3       416    0.1978    0.1448   0.08067   0.02463   0.04973  0.007807         0
   100/499     4.35G   0.04243  0.008439         0   0.05086         4       416    0.2277    0.1294    0.1025   0.03757    0.0497  0.007811         0
   101/499     4.35G    0.0412  0.008514         0   0.04972         4       416    0.2734    0.1488    0.1045    0.0349   0.05014  0.007697         0
   102/499     4.35G     0.042  0.008463         0   0.05046         4       416     0.107    0.1531   0.05074   0.01449   0.05314   0.00772         0
   103/499     4.35G   0.04212  0.008361         0   0.05048         4       416    0.2536    0.1177   0.09609   0.03598   0.05106  0.007709         0
   104/499     4.35G   0.04234   0.00851         0   0.05085         5       416    0.1929    0.1371   0.09709   0.03563   0.04942   0.00776         0
   105/499     4.35G   0.04241  0.008394         0    0.0508         5       416    0.2347    0.1371   0.07868   0.02261   0.04963  0.007774         0
   106/499     4.35G   0.04197  0.008455         0   0.05043         5       416    0.2192    0.1074     0.098   0.03769   0.05142  0.007743         0
   107/499     4.35G   0.04237  0.008414         0   0.05078         5       416    0.2205    0.1242    0.1015    0.0388   0.05065  0.007713         0
   108/499     4.35G   0.04234  0.008439         0   0.05078         4       416    0.2698    0.1229   0.09834   0.03463    0.0494  0.007738         0
   109/499     4.35G   0.04255  0.008496         0   0.05105         5       416    0.1418    0.1113   0.06299   0.01908   0.05171  0.007704         0
   110/499     4.35G   0.04219  0.008457         0   0.05065         4       416    0.2713    0.1255    0.1085   0.03542   0.04941  0.007795         0
   111/499     4.35G   0.04315  0.008311         0   0.05146         4       416    0.2702    0.1048   0.09221   0.03586   0.05096  0.007703         0
   112/499     4.35G   0.04205  0.008457         0   0.05051         3       416    0.2026    0.1423    0.1167   0.04834   0.04945   0.00776         0
   113/499     4.35G   0.04143  0.008447         0   0.04988         5       416    0.1355    0.1552    0.0752   0.02588   0.05099  0.007731         0
   114/499     4.35G   0.04202  0.008407         0   0.05043         3       416    0.1976   0.09702   0.06736   0.02717   0.04944   0.00773         0
   115/499     4.35G   0.04222  0.008458         0   0.05068         5       416    0.2322    0.1203   0.08703   0.02946   0.05078  0.007661         0
   116/499     4.35G   0.04143  0.008478         0    0.0499         4       416    0.1685    0.1695   0.09774   0.03305   0.05058  0.007704         0
   117/499     4.35G   0.04141  0.008516         0   0.04992         5       416    0.1604    0.1734   0.09694   0.03322   0.04973  0.007746         0
   118/499     4.35G   0.04166  0.008425         0   0.05008         5       416    0.2577    0.1488    0.1108   0.04036   0.04842  0.007733         0
   119/499     4.35G   0.04211  0.008403         0   0.05052         4       416    0.2457    0.1151   0.08874    0.0262   0.04907  0.007838         0
   120/499     4.35G   0.04063  0.008486         0   0.04911         3       416     0.261    0.1294     0.111    0.0401   0.04882  0.007784         0
   121/499     4.35G   0.04198  0.008396         0   0.05037         5       416     0.213    0.1514    0.1141   0.04036    0.0496  0.007766         0
   122/499     4.35G   0.04226  0.008405         0   0.05067         3       416    0.2705    0.1353    0.1124   0.03953   0.05079  0.007638         0
   123/499     4.35G   0.04206  0.008456         0   0.05051         5       416    0.1689    0.1546   0.09459   0.03037   0.05212  0.007646         0
   124/499     4.35G   0.04124  0.008452         0   0.04969         3       416    0.1974    0.1445    0.1008   0.03528   0.05213  0.007707         0
   125/499     4.35G   0.04221  0.008378         0   0.05059         4       416    0.1966     0.132    0.1006   0.03809   0.05021  0.007747         0
   126/499     4.35G   0.04228  0.008407         0   0.05069         4       416    0.1149    0.1953   0.08205   0.02541   0.05105  0.007656         0
   127/499     4.35G   0.04149  0.008461         0   0.04995         4       416    0.2083    0.1345   0.08037   0.02306   0.05043  0.007758         0
   128/499     4.35G   0.04098  0.008497         0   0.04948         4       416     0.228    0.1565    0.1166   0.04656   0.04929  0.007731         0
   129/499     4.35G   0.04096  0.008434         0   0.04939         5       416    0.2416    0.1255    0.1084   0.04455   0.05081  0.007671         0
   130/499     4.35G   0.04169  0.008412         0    0.0501         4       416    0.2621    0.1332    0.1044   0.04023   0.04994  0.007691         0
   131/499     4.35G   0.04144  0.008406         0   0.04985         4       416    0.2044    0.1501     0.106   0.03843    0.0495  0.007751         0
   132/499     4.35G   0.04063   0.00851         0   0.04914         4       416    0.2793    0.1423    0.1253   0.04047   0.04998  0.007728         0
   133/499     4.35G     0.042  0.008437         0   0.05043         4       416    0.2134    0.1514    0.1109    0.0408    0.0493  0.007748         0
   134/499     4.35G   0.04143  0.008356         0   0.04978         4       416     0.226    0.1423    0.1053   0.04096   0.05009  0.007683         0
   135/499     4.35G    0.0408  0.008366         0   0.04917         4       416    0.2404    0.1203   0.09723   0.03464   0.05149  0.007749         0
   136/499     4.35G   0.04122  0.008455         0   0.04967         5       416    0.2058    0.1552   0.08707   0.02629   0.05009  0.007815         0
   137/499     4.35G     0.041  0.008423         0   0.04943         4       416      0.23    0.1436    0.1147   0.04271   0.05021  0.007766         0
   138/499     4.35G   0.04044  0.008502         0   0.04895         5       416    0.2866     0.119    0.1023   0.04039   0.05058  0.007697         0
   139/499     4.35G    0.0417  0.008343         0   0.05004         5       416    0.2442    0.1708     0.111   0.03725   0.04884  0.007775         0
   140/499     4.35G   0.04137  0.008346         0   0.04971         4       416    0.1941    0.1423    0.1024   0.03775    0.0492  0.007788         0
   141/499     4.35G   0.04134  0.008403         0   0.04974         4       416    0.3215    0.1281    0.1124   0.03783   0.05007  0.007709         0
   142/499     4.35G   0.04107  0.008459         0   0.04953         4       416    0.2798     0.141    0.1177    0.0416   0.04877  0.007822         0
   143/499     4.35G   0.04099  0.008399         0   0.04939         5       416    0.2193    0.1591    0.1109   0.04297   0.05053  0.007731         0
   144/499     4.35G   0.04147  0.008389         0   0.04986         3       416    0.2047    0.1307    0.1023   0.04082   0.05044  0.008022         0
   145/499     4.35G   0.04138  0.008385         0   0.04976         4       416    0.1953    0.1638    0.1132    0.0436   0.05184  0.007754         0
   146/499     4.35G   0.04155  0.008391         0   0.04994         5       416    0.2813    0.1552     0.129    0.0404   0.05012  0.007767         0
   147/499     4.35G   0.04091  0.008453         0   0.04936         4       416    0.3161    0.1339    0.1226    0.0401   0.04964  0.007715         0
   148/499     4.35G    0.0422  0.008426         0   0.05063         5       416    0.3269    0.1164      0.12   0.04659   0.04977  0.007706         0
   149/499     4.35G   0.04084  0.008364         0    0.0492         4       416    0.2667    0.1423    0.1181    0.0396   0.04866  0.007747         0
   150/499     4.35G   0.04063  0.008482         0   0.04911         5       416    0.2869    0.1397    0.1223    0.0426   0.04935  0.007708         0
   151/499     4.35G   0.04133  0.008403         0   0.04974         5       416    0.2678    0.1462    0.1304   0.05067   0.04979  0.007723         0
   152/499     4.35G   0.04111  0.008262         0   0.04938         5       416    0.2401    0.1341    0.1111   0.04414   0.04885  0.007768         0
   153/499     4.35G   0.04111  0.008454         0   0.04956         4       416    0.2194    0.1229   0.09608   0.03718    0.0499   0.00771         0
   154/499     4.35G   0.04106  0.008385         0   0.04945         4       416     0.149    0.1035   0.05696   0.01993   0.05472  0.007784         0
   155/499     4.35G   0.04204   0.00832         0   0.05036         3       416    0.3086    0.1203    0.1206   0.04734   0.04911  0.007664         0
   156/499     4.35G   0.04162  0.008348         0   0.04997         5       416    0.2499    0.1436    0.1154   0.04659   0.04957  0.007691         0
   157/499     4.35G   0.04096  0.008379         0   0.04934         3       416    0.1889    0.1695    0.1156   0.04313   0.05034  0.007644         0
   158/499     4.35G   0.04167  0.008409         0   0.05008         3       416    0.1699    0.1591    0.0842   0.02621   0.05065  0.007689         0
   159/499     4.35G   0.04095  0.008345         0    0.0493         4       416    0.2174    0.1565    0.1209   0.04432   0.04952  0.007649         0
   160/499     4.35G   0.04127  0.008441         0   0.04971         4       416    0.2497    0.1345    0.1051   0.03746   0.04927  0.007751         0
   161/499     4.35G   0.04125  0.008348         0    0.0496         4       416    0.2511     0.157    0.1222   0.04982   0.05008  0.007728         0
   162/499     4.35G   0.04096  0.008438         0    0.0494         5       416    0.2395    0.1384    0.1154   0.04463   0.04906  0.007723         0
   163/499     4.35G   0.04036  0.008317         0   0.04867         4       416    0.3354    0.1345    0.1327   0.04888   0.05019  0.007689         0
   164/499     4.35G   0.04099  0.008468         0   0.04946         5       416    0.3212     0.141    0.1307   0.04493   0.04923  0.007745         0
   165/499     4.35G   0.04061  0.008383         0   0.04899         4       416    0.3744    0.1281    0.1126   0.03747   0.04937  0.007722         0
   166/499     4.35G   0.04136  0.008299         0   0.04966         3       416    0.2277    0.1643    0.1223   0.05012   0.04893  0.007703         0
   167/499     4.35G   0.04062   0.00842         0   0.04904         5       416      0.23    0.1798     0.136   0.05271   0.04919  0.007705         0
   168/499     4.35G   0.04041   0.00836         0   0.04877         4       416    0.2664    0.1423     0.113    0.0399   0.05032  0.007721         0
   169/499     4.35G   0.04133  0.008352         0   0.04968         5       416    0.2821    0.1527    0.1231    0.0395   0.04885  0.007791         0
   170/499     4.35G   0.04102  0.008367         0   0.04939         4       416    0.2568    0.1643    0.1345   0.04809   0.04966  0.007698         0
   171/499     4.35G   0.04039  0.008422         0   0.04881         4       416    0.2457    0.1462     0.112   0.04001   0.04884   0.00779         0
   172/499     4.35G   0.04115  0.008348         0    0.0495         5       416    0.3466    0.1242    0.1205   0.04538   0.04998  0.007693         0
   173/499     4.35G   0.04034  0.008429         0   0.04877         5       416    0.2478     0.141     0.117   0.03912   0.04872  0.007798         0
   174/499     4.35G   0.03998  0.008395         0   0.04838         5       416    0.3214    0.1268    0.1146    0.0432   0.04908   0.00767         0
   175/499     4.35G   0.03952  0.008449         0   0.04797         4       416    0.2069    0.1549    0.1115   0.04107     0.049  0.007709         0
   176/499     4.35G   0.04067  0.008467         0   0.04914         5       416    0.2822    0.1307    0.1037   0.03809   0.05082  0.007659         0
   177/499     4.35G   0.04032  0.008408         0   0.04873         3       416    0.2314    0.1617    0.1144    0.0427   0.05094   0.00767         0
   178/499     4.35G   0.04025  0.008425         0   0.04868         4       416    0.2108    0.1514    0.1108   0.04262   0.05116  0.007672         0
   179/499     4.35G   0.04035  0.008437         0   0.04878         5       416    0.1918    0.1759    0.1213   0.04483   0.04946  0.007723         0
   180/499     4.35G    0.0401  0.008368         0   0.04847         4       416    0.2416    0.1702    0.1362   0.05119   0.04895  0.007732         0
   181/499     4.35G   0.04004  0.008392         0   0.04843         5       416    0.3019     0.155    0.1481   0.05732   0.04905  0.007702         0
   182/499     4.35G   0.04067  0.008336         0   0.04901         4       416    0.2638    0.1514    0.1274   0.04442   0.04897  0.007765         0
   183/499     4.35G    0.0402  0.008387         0   0.04859         4       416    0.2501    0.1578    0.1196   0.04193   0.04913   0.00778         0
   184/499     4.35G   0.03988  0.008415         0    0.0483         3       416    0.2594    0.1552    0.1237     0.044   0.04778  0.007775         0
   185/499     4.35G    0.0405  0.008383         0   0.04889         4       416    0.3086    0.1715    0.1385   0.04886   0.04855  0.007726         0
   186/499     4.35G   0.03966  0.008451         0   0.04811         5       416     0.315    0.1643    0.1309    0.0477   0.04883  0.007664         0
   187/499     4.35G    0.0405  0.008418         0   0.04891         4       416    0.2692    0.1695    0.1383   0.05115   0.04822  0.007673         0
   188/499     4.35G   0.04049  0.008367         0   0.04886         4       416    0.2869     0.163    0.1406    0.0511   0.04837    0.0077         0
   189/499     4.35G   0.04037   0.00844         0   0.04881         5       416    0.2867    0.1708     0.152   0.05723   0.04822  0.007729         0
   190/499     4.35G   0.04023  0.008333         0   0.04856         5       416    0.3502    0.1565    0.1494   0.05571   0.04849  0.007689         0
   191/499     4.35G   0.04056   0.00833         0   0.04889         4       416    0.3094    0.1604    0.1437   0.05417   0.04838   0.00768         0
   192/499     4.35G   0.03983  0.008376         0   0.04821         5       416     0.286     0.163    0.1201   0.04203   0.04834  0.007693         0
   193/499     4.35G   0.04007  0.008359         0   0.04843         3       416     0.186    0.1785   0.09477    0.0299    0.0493  0.007702         0
   194/499     4.35G    0.0407  0.008311         0   0.04901         4       416    0.2553    0.1669      0.13   0.05092   0.04839  0.007738         0
   195/499     4.35G   0.04042   0.00836         0   0.04878         3       416    0.2147    0.1643    0.1227   0.04926   0.04926  0.007715         0
   196/499     4.35G   0.04058  0.008346         0   0.04893         4       416    0.3016    0.1488    0.1333     0.056   0.04797  0.007727         0
   197/499     4.35G   0.03967  0.008404         0   0.04807         4       416    0.2942    0.1539    0.1421    0.0551   0.04826  0.007737         0
   198/499     4.35G   0.04029   0.00834         0   0.04863         5       416    0.2353    0.1578     0.126   0.05191   0.05006  0.007722         0
   199/499     4.35G   0.03968  0.008386         0   0.04807         5       416    0.4186    0.1255     0.128   0.04732   0.04938  0.007702         0
   200/499     4.35G   0.03961  0.008307         0   0.04791         5       416    0.2773    0.1474    0.1148   0.04294   0.04985   0.00763         0
   201/499     4.35G   0.03961   0.00837         0   0.04798         5       416    0.2758    0.1636    0.1365   0.04997   0.04889  0.007653         0
   202/499     4.35G   0.03984  0.008335         0   0.04818         4       416    0.2662    0.1759    0.1381   0.04729   0.04839   0.00773         0
   203/499     4.35G   0.04037  0.008423         0   0.04879         4       416    0.2511    0.1837    0.1239    0.0452   0.05034  0.007705         0
   204/499     4.35G   0.03963  0.008426         0   0.04805         5       416    0.3477    0.1552    0.1278    0.0435   0.05014  0.007674         0
   205/499     4.35G    0.0396  0.008402         0     0.048         5       416    0.3649    0.1539     0.139    0.0517   0.04909  0.007663         0
   206/499     4.35G    0.0398  0.008345         0   0.04815         5       416    0.2612    0.1604     0.134   0.05359    0.0486  0.007695         0
   207/499     4.35G   0.03951  0.008475         0   0.04798         3       416    0.3175    0.1384    0.1169   0.04577   0.04899  0.007714         0
   208/499     4.35G   0.03976  0.008331         0   0.04809         5       416    0.2413     0.163    0.1216   0.04747   0.04885  0.007652         0
   209/499     4.35G   0.03963  0.008362         0   0.04799         5       416     0.356    0.1565    0.1426   0.05489   0.04795  0.007659         0
   210/499     4.35G   0.04003  0.008479         0   0.04851         4       416    0.2987    0.1772    0.1512   0.05991     0.048   0.00767         0
   211/499     4.35G   0.03896  0.008413         0   0.04737         5       416    0.3507    0.1591    0.1386   0.05279   0.04856  0.007669         0
   212/499     4.35G   0.03923  0.008424         0   0.04766         3       416    0.3636    0.1501    0.1388   0.04954   0.04861  0.007675         0
   213/499     4.35G   0.03991  0.008373         0   0.04828         4       416    0.3275    0.1772    0.1454   0.04935   0.04847  0.007698         0
   214/499     4.35G   0.03891  0.008366         0   0.04727         4       416    0.3802    0.1772    0.1527    0.0537   0.04849  0.007694         0
   215/499     4.35G   0.03953  0.008406         0   0.04793         5       416    0.3538    0.1721    0.1533   0.05827   0.04839  0.007645         0
   216/499     4.35G   0.03996   0.00831         0   0.04827         5       416    0.2839    0.1795    0.1468   0.05705   0.04852  0.007642         0
   217/499     4.35G   0.03829  0.008408         0    0.0467         4       416    0.3495    0.1539    0.1445   0.05511   0.04864   0.00768         0
   218/499     4.35G   0.03965  0.008399         0   0.04805         4       416    0.3794    0.1539    0.1427   0.05344   0.04858  0.007666         0
   219/499     4.35G   0.03992   0.00838         0    0.0483         5       416    0.2724     0.185    0.1562   0.06356   0.04834  0.007649         0
   220/499     4.35G   0.03961  0.008378         0   0.04799         4       416    0.3157    0.1539    0.1387   0.05678   0.04919  0.007611         0
   221/499     4.35G   0.03959  0.008436         0   0.04803         4       416    0.2708    0.1876    0.1446   0.06022   0.04825  0.007668         0
   222/499     4.35G   0.03985  0.008397         0   0.04824         4       416    0.2645    0.1953    0.1464   0.04987   0.04817  0.007652         0
   223/499     4.35G   0.03924  0.008391         0   0.04764         5       416    0.3504    0.1785    0.1553    0.0586   0.04797  0.007644         0
   224/499     4.35G   0.03971  0.008359         0   0.04807         4       416    0.3076    0.1824    0.1504   0.05867   0.04797   0.00764         0
   225/499     4.35G   0.03905  0.008393         0   0.04745         5       416    0.2643    0.1863    0.1546   0.05599   0.04845  0.007646         0
   226/499     4.35G   0.03888  0.008458         0   0.04733         5       416    0.2497    0.1966    0.1448   0.05787   0.04907  0.007656         0
   227/499     4.35G   0.03909  0.008305         0   0.04739         4       416    0.2855    0.1746    0.1445   0.05741   0.04842   0.00768         0
   228/499     4.35G    0.0387  0.008377         0   0.04707         3       416    0.3715    0.1682    0.1471   0.05855    0.0482  0.007663         0
   229/499     4.35G   0.03885  0.008379         0   0.04723         3       416    0.3625    0.1604    0.1505    0.0592    0.0476  0.007681         0
   230/499     4.35G   0.03984  0.008316         0   0.04816         4       416    0.3517    0.1669    0.1537   0.05604   0.04795  0.007682         0
   231/499     4.35G   0.03941  0.008292         0    0.0477         5       416     0.302    0.1837    0.1628   0.06059   0.04813  0.007677         0
   232/499     4.35G   0.03912  0.008427         0   0.04754         4       416     0.328    0.1831     0.146   0.04938   0.04889  0.007643         0
   233/499     4.35G   0.03874  0.008369         0   0.04711         5       416    0.3005    0.1811    0.1517   0.05376   0.04957  0.007627         0
   234/499     4.35G   0.03945  0.008359         0   0.04781         4       416    0.3456    0.1708    0.1517   0.05324   0.04963  0.007623         0
   235/499     4.35G     0.039  0.008392         0   0.04739         3       416    0.3477    0.1721    0.1535   0.05568   0.04963  0.007655         0
   236/499     4.35G   0.03902  0.008324         0   0.04735         4       416    0.3116    0.1708    0.1522   0.05842   0.04901  0.007643         0
   237/499     4.35G   0.03904   0.00837         0   0.04741         3       416    0.4571    0.1527    0.1634   0.06181    0.0486  0.007669         0
   238/499     4.35G    0.0388  0.008393         0    0.0472         4       416      0.28    0.1824    0.1672   0.06478   0.04838  0.007671         0
   239/499     4.35G    0.0387  0.008331         0   0.04704         4       416    0.3903    0.1578    0.1683   0.06708   0.04792  0.007688         0
   240/499     4.35G   0.03857  0.008421         0   0.04699         4       416    0.3988    0.1656    0.1655   0.06546    0.0481  0.007661         0
   241/499     4.35G   0.03914  0.008367         0    0.0475         4       416    0.3457    0.1669    0.1579   0.06339   0.04845  0.007664         0
   242/499     4.35G   0.03869  0.008291         0   0.04698         3       416    0.3555    0.1584    0.1397   0.05152    0.0492  0.007724         0
   243/499     4.35G   0.03919  0.008407         0    0.0476         5       416    0.3269    0.1591    0.1444   0.04968   0.04809  0.007762         0
   244/499     4.35G   0.03903  0.008396         0   0.04742         5       416    0.3248    0.1668    0.1456   0.05568   0.04811  0.007773         0
   245/499     4.35G    0.0387  0.008384         0   0.04708         3       416    0.2395    0.1876    0.1419    0.0529   0.04876  0.007706         0
   246/499     4.35G   0.03908   0.00829         0   0.04737         5       416    0.3294    0.1656    0.1503   0.05793   0.04898  0.007671         0
   247/499     4.35G   0.03917  0.008348         0   0.04752         5       416     0.386    0.1669    0.1567   0.05784   0.04905  0.007679         0
   248/499     4.35G   0.03942   0.00836         0   0.04778         4       416    0.4396    0.1539    0.1544   0.05419   0.04881  0.007685         0
   249/499     4.35G   0.03857  0.008434         0     0.047         5       416     0.339    0.1721    0.1495   0.05246   0.04867  0.007676         0
   250/499     4.35G   0.03903  0.008287         0   0.04731         5       416    0.3515    0.1669    0.1502   0.05005   0.04849  0.007679         0
   251/499     4.35G   0.03861  0.008398         0   0.04701         4       416    0.2917    0.1798     0.147   0.04961   0.04811  0.007711         0
   252/499     4.35G   0.03811  0.008394         0   0.04651         5       416    0.3077    0.1746    0.1507   0.05255   0.04803  0.007686         0
   253/499     4.35G   0.03836    0.0084         0   0.04676         4       416    0.4639      0.15     0.159   0.06158   0.04788   0.00767         0
   254/499     4.35G   0.03893  0.008405         0   0.04733         5       416    0.4355    0.1539    0.1554   0.05933   0.04834   0.00766         0
   255/499     4.35G   0.03921  0.008328         0   0.04754         5       416    0.3837    0.1591    0.1476   0.05167   0.04835  0.007655         0
   256/499     4.35G   0.03849  0.008371         0   0.04686         4       416    0.3437    0.1457    0.1306   0.04456   0.04925  0.007788         0
   257/499     4.35G   0.03912  0.008328         0   0.04745         5       416    0.2972    0.1746    0.1401   0.04588   0.04929   0.00776         0
   258/499     4.35G   0.03851  0.008419         0   0.04693         5       416     0.396    0.1514    0.1369   0.04325   0.04958  0.007766         0
   259/499     4.35G   0.03817   0.00836         0   0.04653         5       416    0.2996    0.1656    0.1387   0.04456   0.04929  0.007799         0
   260/499     4.35G   0.03775  0.008316         0   0.04606         4       416    0.3806    0.1487    0.1402   0.04575   0.04916  0.007763         0
   261/499     4.35G   0.03908  0.008355         0   0.04743         4       416    0.2267    0.1863    0.1291   0.04365   0.04982  0.007789         0
   262/499     4.35G   0.03874  0.008424         0   0.04716         3       416    0.3038    0.1514     0.121   0.03925   0.04998  0.007836         0
   263/499     4.35G   0.03794  0.008326         0   0.04627         5       416    0.3467    0.1656    0.1433   0.04903    0.0489  0.007798         0
   264/499     4.35G   0.03776  0.008364         0   0.04613         5       416    0.3192    0.1759    0.1474    0.0523     0.049  0.007707         0
   265/499     4.35G   0.03888  0.008283         0   0.04716         5       416    0.4349    0.1552    0.1564    0.0572   0.04891  0.007633         0
   266/499     4.35G   0.03771  0.008388         0   0.04609         5       416    0.2687    0.2044    0.1575   0.05951   0.04894  0.007584         0
   267/499     4.35G   0.03774  0.008374         0   0.04612         5       416    0.3211    0.1734    0.1488   0.05549   0.04917  0.007591         0
   268/499     4.35G    0.0386  0.008411         0   0.04701         4       416    0.3028    0.1803    0.1481   0.05285   0.04826   0.00763         0
   269/499     4.35G   0.03893  0.008347         0   0.04728         4       416     0.316    0.1759    0.1517   0.04911   0.04803   0.00765         0
   270/499     4.35G   0.03831  0.008413         0   0.04673         4       416    0.3734    0.1656    0.1593   0.05422   0.04761  0.007677         0
   271/499     4.35G   0.03801  0.008394         0   0.04641         4       416    0.3538     0.163    0.1546   0.05379   0.04738  0.007687         0
   272/499     4.35G   0.03789  0.008403         0   0.04629         5       416    0.3433    0.1527    0.1486   0.05153   0.04762  0.007716         0
   273/499     4.35G   0.03832  0.008322         0   0.04664         3       416      0.48    0.1436    0.1535   0.05307   0.04776  0.007713         0
   274/499     4.35G   0.03847  0.008344         0   0.04682         5       416    0.4488    0.1488    0.1574   0.05439   0.04782  0.007695         0
   275/499     4.35G   0.03804  0.008436         0   0.04647         4       416    0.3566    0.1617    0.1498   0.05143   0.04784  0.007688         0
   276/499     4.35G   0.03807   0.00838         0   0.04644         4       416    0.3252    0.1746    0.1316   0.04286   0.04858  0.007712         0
   277/499     4.35G   0.03874  0.008306         0   0.04705         4       416    0.3111    0.1772    0.1423   0.04826   0.04837  0.007685         0
   278/499     4.35G   0.03895  0.008297         0   0.04724         5       416    0.3298    0.1668    0.1407   0.04792   0.04829  0.007706         0
   279/499     4.35G   0.03817  0.008417         0   0.04658         5       416    0.2412    0.1785    0.1254    0.0465   0.04934  0.007682         0
   280/499     4.35G   0.03831  0.008326         0   0.04663         4       416    0.3042    0.1565    0.1359   0.05157   0.04905  0.007691         0
   281/499     4.35G   0.03755  0.008455         0   0.04601         5       416     0.398    0.1497    0.1431   0.05494   0.04905  0.007679         0
   282/499     4.35G   0.03774  0.008382         0   0.04612         4       416     0.386    0.1643    0.1464   0.05371   0.04914  0.007727         0
   283/499     4.35G   0.03796  0.008348         0   0.04631         3       416    0.3808    0.1527      0.14   0.04988   0.04954  0.007706         0
   284/499     4.35G   0.03815  0.008334         0   0.04649         5       416    0.3941    0.1591    0.1471   0.05058   0.04934  0.007648         0
   285/499     4.35G   0.03696  0.008413         0   0.04538         4       416    0.4301     0.163    0.1459   0.05203   0.04927  0.007616         0
   286/499     4.35G   0.03821  0.008368         0   0.04657         5       416    0.4114    0.1564    0.1429   0.05217   0.04932  0.007632         0
   287/499     4.35G   0.03724  0.008319         0   0.04556         5       416    0.3321    0.1708    0.1441   0.05327    0.0495  0.007604         0
   288/499     4.35G   0.03683  0.008357         0   0.04519         3       416    0.3252    0.1824    0.1523   0.05629   0.04893  0.007591         0
   289/499     4.35G     0.038  0.008427         0   0.04643         5       416    0.3531    0.1681    0.1594   0.05847   0.04879  0.007602         0
   290/499     4.35G   0.03796  0.008404         0   0.04636         5       416    0.3215    0.1824    0.1654   0.06171   0.04843  0.007599         0
   291/499     4.35G   0.03803  0.008322         0   0.04635         5       416     0.371    0.1798    0.1702   0.06263   0.04854  0.007567         0
   292/499     4.35G   0.03898  0.008341         0   0.04732         5       416    0.3241    0.1863    0.1668   0.06117   0.04877  0.007549         0
   293/499     4.35G     0.038  0.008386         0   0.04639         4       416    0.3212    0.1876    0.1642   0.05918   0.04841  0.007579         0
   294/499     4.35G   0.03691  0.008343         0   0.04525         4       416    0.3225    0.1798    0.1592   0.05791   0.04889  0.007553         0
   295/499     4.35G   0.03725    0.0083         0   0.04555         4       416    0.3766    0.1643    0.1524   0.05752   0.04933  0.007554         0
   296/499     4.35G   0.03697  0.008539         0    0.0455         4       416    0.3237     0.185    0.1557    0.0563   0.04946  0.007559         0
   297/499     4.35G   0.03785  0.008288         0   0.04614         3       416    0.4268    0.1552    0.1565   0.05859   0.04976   0.00757         0
   298/499     4.35G   0.03768  0.008378         0   0.04606         3       416     0.343    0.1617    0.1566   0.05835   0.04955  0.007585         0
   299/499     4.35G   0.03729   0.00835         0   0.04564         4       416    0.4107    0.1462    0.1509   0.05594   0.04976  0.007594         0
   300/499     4.35G   0.03693  0.008354         0   0.04528         4       416    0.3766    0.1384    0.1443   0.05249   0.04953  0.007647         0
   301/499     4.35G    0.0372  0.008318         0   0.04552         5       416    0.4029    0.1397    0.1415   0.05124   0.04948  0.007707         0
   302/499     4.35G   0.03733  0.008268         0    0.0456         5       416    0.4305    0.1423    0.1444   0.05517   0.04905  0.007687         0
   303/499     4.35G   0.03739  0.008399         0   0.04579         5       416    0.3689    0.1552    0.1482   0.05666   0.04866  0.007629         0
   304/499     4.35G   0.03699  0.008292         0   0.04528         4       416    0.3633    0.1565    0.1502   0.05737    0.0486  0.007629         0
   305/499     4.35G   0.03677  0.008449         0   0.04522         4       416    0.3831    0.1565    0.1549   0.05877   0.04853   0.00762         0
   306/499     4.35G   0.03667  0.008404         0   0.04507         3       416    0.3943    0.1578    0.1511   0.05529   0.04867  0.007618         0
   307/499     4.35G   0.03782  0.008376         0    0.0462         4       416    0.3831    0.1639    0.1537    0.0556   0.04879  0.007588         0
   308/499     4.35G   0.03674  0.008411         0   0.04515         3       416    0.3581    0.1734    0.1514   0.05426   0.04892   0.00759         0
   309/499     4.35G   0.03704  0.008428         0   0.04547         5       416    0.3717    0.1669    0.1493   0.05337   0.04888  0.007612         0
   310/499     4.35G   0.03716  0.008309         0   0.04546         5       416    0.3429    0.1772    0.1458   0.05042   0.04867  0.007626         0
   311/499     4.35G   0.03637  0.008427         0    0.0448         4       416      0.41    0.1604    0.1483   0.05061   0.04859  0.007624         0
   312/499     4.35G   0.03716  0.008403         0   0.04557         5       416    0.3791    0.1675    0.1555   0.05717   0.04851  0.007611         0
   313/499     4.35G   0.03633  0.008442         0   0.04477         5       416     0.347    0.1759    0.1533   0.05513   0.04859  0.007618         0
   314/499     4.35G   0.03695  0.008383         0   0.04533         4       416     0.312    0.1837    0.1458   0.05228   0.04867  0.007629         0
   315/499     4.35G   0.03666  0.008475         0   0.04514         4       416    0.3278    0.1798    0.1477   0.05385   0.04878   0.00761         0
   316/499     4.35G   0.03761  0.008293         0    0.0459         3       416    0.3613    0.1721    0.1526   0.05935   0.04885  0.007597         0
   317/499     4.35G   0.03733  0.008313         0   0.04564         4       416    0.3944    0.1734    0.1593   0.06158   0.04863  0.007601         0
   318/499     4.35G   0.03696  0.008336         0    0.0453         5       416    0.3993    0.1694    0.1646   0.06124   0.04849  0.007598         0
   319/499     4.35G   0.03684  0.008397         0   0.04523         5       416    0.4154     0.163     0.159    0.0588    0.0484  0.007621         0
   320/499     4.35G   0.03706  0.008379         0   0.04544         4       416    0.4363    0.1591     0.159   0.05667   0.04853  0.007618         0
   321/499     4.35G   0.03638  0.008422         0    0.0448         4       416    0.4355    0.1539    0.1519    0.0556   0.04853  0.007621         0
   322/499     4.35G    0.0366  0.008379         0   0.04498         4       416    0.3612    0.1785    0.1565    0.0567   0.04853  0.007619         0
   323/499     4.35G   0.03672   0.00838         0    0.0451         3       416     0.378    0.1798    0.1616   0.05859   0.04859  0.007604         0
   324/499     4.35G   0.03636   0.00833         0   0.04469         4       416    0.3462    0.1863    0.1645   0.05983   0.04861  0.007574         0
   325/499     4.35G   0.03637   0.00847         0   0.04484         3       416    0.3401    0.1876    0.1666   0.06106   0.04847  0.007567         0
   326/499     4.35G   0.03647  0.008417         0   0.04489         4       416    0.3651    0.1824    0.1689   0.06269   0.04852  0.007566         0
   327/499     4.35G   0.03668  0.008415         0   0.04509         5       416    0.3509    0.1783    0.1687   0.06485   0.04859  0.007566         0
   328/499     4.35G   0.03645  0.008446         0   0.04489         5       416    0.3551    0.1785    0.1674   0.06489   0.04881  0.007558         0
   329/499     4.35G   0.03668  0.008385         0   0.04507         5       416    0.3721    0.1746    0.1618   0.06157   0.04875  0.007572         0
   330/499     4.35G   0.03643  0.008423         0   0.04485         3       416    0.3265     0.194    0.1599    0.0608   0.04864  0.007594         0
   331/499     4.35G    0.0359  0.008404         0    0.0443         5       416    0.3512    0.1734    0.1558   0.05788   0.04895  0.007594         0
   332/499     4.35G   0.03639  0.008371         0   0.04476         5       416    0.3709    0.1695    0.1557    0.0546   0.04883  0.007608         0
   333/499     4.35G    0.0359  0.008381         0   0.04428         4       416    0.4155    0.1591    0.1547   0.05323   0.04865  0.007635         0
   334/499     4.35G   0.03621  0.008442         0   0.04465         4       416    0.3945    0.1604    0.1537   0.05377   0.04861  0.007635         0
   335/499     4.35G    0.0363  0.008432         0   0.04474         5       416    0.4077    0.1578    0.1531   0.05318   0.04872   0.00765         0
   336/499     4.35G   0.03686    0.0084         0   0.04526         4       416    0.4415    0.1539    0.1551   0.05285   0.04879  0.007644         0
   337/499     4.35G   0.03663  0.008354         0   0.04498         5       416    0.4354    0.1536    0.1538   0.05422   0.04895  0.007644         0
   338/499     4.35G   0.03572  0.008448         0   0.04417         5       416    0.2738     0.185    0.1484   0.05278   0.04916  0.007663         0
   339/499     4.35G   0.03582  0.008343         0   0.04417         5       416    0.3927    0.1589    0.1521   0.05297   0.04901  0.007666         0
   340/499     4.35G   0.03586  0.008327         0   0.04419         3       416    0.3589    0.1617     0.148   0.05075   0.04901  0.007676         0
   341/499     4.35G   0.03653  0.008456         0   0.04499         3       416    0.3039    0.1785    0.1425   0.04849   0.04912  0.007679         0
   342/499     4.35G    0.0359  0.008399         0    0.0443         4       416    0.3043    0.1798    0.1398   0.04649   0.04891  0.007678         0
   343/499     4.35G   0.03578  0.008442         0   0.04422         5       416    0.2893    0.1837    0.1371   0.04734   0.04913  0.007655         0
   344/499     4.35G   0.03597  0.008364         0   0.04433         4       416    0.3155    0.1734    0.1392   0.04836   0.04919  0.007641         0
   345/499     4.35G   0.03628   0.00834         0   0.04462         5       416    0.3129    0.1746    0.1444    0.0506   0.04913  0.007627         0
   346/499     4.35G   0.03591  0.008344         0   0.04425         5       416    0.4088    0.1565    0.1416   0.05024   0.04924  0.007623         0
   347/499     4.35G   0.03592  0.008346         0   0.04426         4       416    0.3938    0.1578    0.1435   0.05071   0.04914  0.007621         0
   348/499     4.35G   0.03557  0.008433         0     0.044         5       416    0.4181    0.1589    0.1429   0.04917   0.04918  0.007624         0
   349/499     4.35G   0.03609  0.008387         0   0.04448         5       416    0.4192    0.1552    0.1395   0.04694    0.0495  0.007644         0
   350/499     4.35G   0.03615  0.008336         0   0.04449         3       416    0.3725     0.163    0.1432   0.04932   0.04948  0.007642         0
   351/499     4.35G   0.03526  0.008417         0   0.04368         4       416    0.3406    0.1695    0.1468   0.05126   0.04937  0.007633         0
   352/499     4.35G   0.03609  0.008355         0   0.04445         5       416    0.3184    0.1746    0.1482   0.05229   0.04929   0.00762         0
   353/499     4.35G   0.03541  0.008393         0   0.04381         4       416    0.3188    0.1759    0.1484   0.05236   0.04924  0.007622         0
   354/499     4.35G   0.03538  0.008414         0    0.0438         4       416    0.4093    0.1617    0.1504   0.05215    0.0493  0.007626         0
   355/499     4.35G   0.03587  0.008411         0   0.04428         5       416    0.3325    0.1759    0.1501   0.05294   0.04939  0.007627         0
   356/499     4.35G   0.03497  0.008421         0   0.04339         5       416    0.3277    0.1772    0.1518   0.05411   0.04936  0.007614         0
   357/499     4.35G   0.03611  0.008398         0   0.04451         5       416    0.3274    0.1772    0.1507   0.05497   0.04926  0.007612         0
   358/499     4.35G   0.03573  0.008368         0   0.04409         5       416    0.3533    0.1695    0.1465   0.05252   0.04946  0.007617         0
   359/499     4.35G   0.03619  0.008318         0    0.0445         5       416    0.3528    0.1708    0.1511   0.05399   0.04942  0.007605         0
   360/499     4.35G   0.03614  0.008507         0   0.04464         4       416    0.3647    0.1721    0.1534   0.05411   0.04937  0.007601         0
   361/499     4.35G   0.03524  0.008404         0   0.04365         5       416    0.3661    0.1708    0.1566   0.05575   0.04932  0.007594         0
   362/499     4.35G    0.0355  0.008355         0   0.04386         5       416    0.4604    0.1527    0.1563   0.05648    0.0494  0.007589         0
   363/499     4.35G   0.03584   0.00833         0   0.04417         5       416    0.4584    0.1522    0.1559   0.05738   0.04918  0.007602         0
   364/499     4.35G     0.035  0.008464         0   0.04347         4       416    0.3986    0.1603    0.1578   0.05696   0.04906  0.007609         0
   365/499     4.35G   0.03563    0.0084         0   0.04403         5       416     0.409    0.1602     0.157   0.05713     0.049  0.007607         0
   366/499     4.35G   0.03511  0.008338         0   0.04345         4       416    0.4184    0.1617    0.1589   0.05713   0.04887  0.007612         0
   367/499     4.35G   0.03488  0.008453         0   0.04333         5       416    0.4224     0.163    0.1595   0.05873   0.04891  0.007602         0
   368/499     4.35G   0.03539  0.008458         0   0.04385         4       416    0.3634    0.1708    0.1586   0.05886   0.04905  0.007596         0
   369/499     4.35G   0.03523  0.008375         0    0.0436         4       416    0.3847    0.1695    0.1594   0.05994   0.04914  0.007597         0
   370/499     4.35G   0.03463  0.008462         0   0.04309         4       416    0.3994    0.1656    0.1581   0.05991   0.04909  0.007605         0
   371/499     4.35G   0.03498  0.008385         0   0.04336         5       416     0.385    0.1617    0.1561   0.05935   0.04908  0.007616         0
   372/499     4.35G   0.03494  0.008461         0    0.0434         5       416    0.4175    0.1578    0.1568   0.05888   0.04917  0.007621         0
   373/499     4.35G   0.03481  0.008358         0   0.04317         3       416    0.4216    0.1591    0.1583   0.05954   0.04919  0.007619         0
   374/499     4.35G   0.03575  0.008393         0   0.04414         5       416    0.3839    0.1656    0.1583   0.05861   0.04936  0.007622         0
   375/499     4.35G   0.03493  0.008364         0    0.0433         5       416    0.3604    0.1759    0.1582   0.05828   0.04932  0.007622         0
   376/499     4.35G   0.03462   0.00843         0   0.04305         3       416    0.3729    0.1746    0.1584   0.05866   0.04917  0.007625         0
   377/499     4.35G   0.03505  0.008462         0   0.04351         4       416    0.3688    0.1759    0.1585   0.05689   0.04925  0.007627         0
   378/499     4.35G    0.0349  0.008502         0    0.0434         5       416    0.3711    0.1708    0.1585   0.05667   0.04927  0.007638         0
   379/499     4.35G   0.03442  0.008449         0   0.04287         5       416    0.3757    0.1669    0.1566   0.05678   0.04931  0.007643         0
   380/499     4.35G   0.03441  0.008399         0   0.04281         3       416    0.2954    0.1837    0.1546   0.05518   0.04938  0.007646         0
   381/499     4.35G   0.03371  0.008498         0   0.04221         3       416    0.3058    0.1824    0.1555   0.05525    0.0493  0.007643         0
   382/499     4.35G   0.03484  0.008423         0   0.04326         4       416    0.3101    0.1811     0.155   0.05548   0.04919  0.007647         0
   383/499     4.35G   0.03426  0.008374         0   0.04264         5       416    0.3047    0.1824    0.1544   0.05531    0.0492  0.007648         0
   384/499     4.35G   0.03491  0.008437         0   0.04335         5       416    0.3456    0.1695    0.1531   0.05481    0.0492  0.007651         0
   385/499     4.35G   0.03486  0.008447         0    0.0433         3       416    0.3287    0.1772    0.1545   0.05433   0.04911  0.007653         0
   386/499     4.35G   0.03516  0.008332         0    0.0435         5       416    0.3389    0.1759     0.155   0.05483   0.04904  0.007656         0
   387/499     4.35G   0.03477  0.008426         0    0.0432         4       416    0.3549    0.1746    0.1565   0.05666   0.04901  0.007651         0
   388/499     4.35G   0.03491  0.008347         0   0.04326         3       416    0.3534    0.1772    0.1576    0.0573     0.049  0.007641         0
   389/499     4.35G    0.0349  0.008406         0    0.0433         4       416    0.3879    0.1695    0.1585   0.05795   0.04893  0.007641         0
   390/499     4.35G   0.03447  0.008477         0   0.04295         3       416    0.3867    0.1785    0.1645    0.0585    0.0488  0.007645         0
   391/499     4.35G   0.03406  0.008497         0   0.04255         4       416    0.4308    0.1734    0.1684   0.06074    0.0486  0.007644         0
   392/499     4.35G   0.03484  0.008379         0   0.04322         4       416    0.4073    0.1708    0.1665   0.06017   0.04852  0.007642         0
   393/499     4.35G   0.03442  0.008396         0   0.04282         4       416    0.3603    0.1772    0.1656   0.05947   0.04849  0.007648         0
   394/499     4.35G   0.03489  0.008331         0   0.04322         5       416    0.3637    0.1798    0.1677   0.05957   0.04835  0.007648         0
   395/499     4.35G   0.03376  0.008476         0   0.04223         5       416    0.3261    0.1811    0.1619   0.05887   0.04828  0.007652         0
   396/499     4.35G   0.03424  0.008409         0   0.04265         4       416    0.4158    0.1656    0.1681   0.05938   0.04827  0.007659         0
   397/499     4.35G   0.03389  0.008418         0   0.04231         3       416    0.4231    0.1617    0.1634   0.05992   0.04819  0.007666         0
   398/499     4.35G   0.03485  0.008399         0   0.04325         3       416    0.4122     0.163     0.164   0.05992   0.04818  0.007666         0
   399/499     4.35G   0.03426  0.008374         0   0.04263         4       416    0.4098    0.1617    0.1601   0.05951   0.04814  0.007666         0
   400/499     4.35G   0.03472  0.008457         0   0.04317         5       416    0.4046    0.1656    0.1622   0.05972   0.04809  0.007663         0
   401/499     4.35G   0.03323  0.008459         0   0.04169         4       416    0.3946    0.1682    0.1648   0.05984   0.04805  0.007654         0
   402/499     4.35G   0.03447  0.008455         0   0.04293         5       416    0.4172    0.1643     0.164   0.05982   0.04804  0.007652         0
   403/499     4.35G   0.03445  0.008376         0   0.04282         4       416    0.3898    0.1708    0.1657   0.06023   0.04809  0.007655         0
   404/499     4.35G   0.03334  0.008436         0   0.04178         5       416    0.3982    0.1695    0.1661   0.06008   0.04815  0.007658         0
   405/499     4.35G   0.03412  0.008397         0   0.04252         4       416    0.3538    0.1721    0.1646    0.0603   0.04824  0.007658         0
   406/499     4.35G   0.03426  0.008487         0   0.04275         4       416    0.2678    0.2005    0.1626   0.06009    0.0483  0.007661         0
   407/499     4.35G   0.03355  0.008445         0   0.04199         4       416    0.2363     0.216    0.1617    0.0585   0.04835  0.007664         0
   408/499     4.35G   0.03372  0.008441         0   0.04216         3       416    0.4095    0.1552    0.1618   0.05853   0.04838  0.007665         0
   409/499     4.35G   0.03383  0.008426         0   0.04226         4       416    0.4174    0.1527    0.1602   0.05815   0.04842  0.007666         0
   410/499     4.35G   0.03353  0.008448         0   0.04197         3       416    0.2732    0.1902    0.1597   0.05812   0.04851  0.007664         0
   411/499     4.35G   0.03368  0.008526         0   0.04221         5       416    0.2654    0.1876    0.1581    0.0575   0.04862   0.00766         0
   412/499     4.35G   0.03286  0.008494         0   0.04135         5       416    0.2606    0.1915     0.157    0.0575   0.04868   0.00766         0
   413/499     4.35G   0.03336  0.008449         0   0.04181         4       416    0.2606    0.1915    0.1567   0.05765   0.04868  0.007666         0
   414/499     4.35G   0.03399  0.008389         0   0.04238         4       416    0.4423    0.1488    0.1584   0.05826   0.04866  0.007667         0
   415/499     4.35G   0.03381  0.008448         0   0.04226         3       416    0.4401    0.1474    0.1544   0.05725   0.04877  0.007669         0
   416/499     4.35G   0.03399  0.008416         0   0.04241         4       416    0.4934    0.1449    0.1559   0.05712   0.04888  0.007669         0
   417/499     4.35G   0.03379    0.0084         0   0.04218         4       416    0.4951    0.1462    0.1582   0.05707   0.04895  0.007666         0
   418/499     4.35G   0.03372  0.008391         0   0.04212         4       416    0.4425    0.1501    0.1556   0.05581   0.04903  0.007668         0
   419/499     4.35G   0.03281  0.008453         0   0.04126         5       416    0.4344    0.1475    0.1519   0.05569   0.04908  0.007672         0
   420/499     4.35G   0.03385  0.008343         0   0.04219         5       416    0.4435    0.1475    0.1519   0.05563    0.0491  0.007672         0
   421/499     4.35G   0.03327  0.008444         0   0.04172         5       416    0.4306    0.1501    0.1521   0.05567   0.04915  0.007671         0
   422/499     4.35G   0.03354  0.008544         0   0.04209         4       416    0.4378    0.1475     0.151   0.05554   0.04918  0.007675         0
   423/499     4.35G   0.03347   0.00836         0   0.04183         5       416     0.386    0.1514    0.1498   0.05509   0.04928  0.007677         0
   424/499     4.35G   0.03236  0.008484         0   0.04084         5       416    0.4178    0.1449    0.1491   0.05448    0.0493  0.007678         0
   425/499     4.35G   0.03315  0.008384         0   0.04153         4       416    0.3959    0.1488    0.1495   0.05364   0.04931  0.007686         0
   426/499     4.35G   0.03296  0.008475         0   0.04144         5       416    0.4143    0.1475    0.1502   0.05283   0.04925  0.007693         0
   427/499     4.35G   0.03245  0.008515         0   0.04097         5       416    0.3841    0.1514      0.15   0.05264   0.04925  0.007698         0
   428/499     4.35G   0.03283  0.008463         0    0.0413         3       416    0.3784    0.1514    0.1487   0.05286   0.04929  0.007701         0
   429/499     4.35G   0.03304  0.008465         0    0.0415         5       416    0.3618    0.1539    0.1462   0.05177   0.04938  0.007704         0
   430/499     4.35G   0.03299  0.008438         0   0.04142         5       416    0.3635    0.1539    0.1454    0.0517   0.04941  0.007707         0
   431/499     4.35G   0.03274  0.008424         0   0.04117         4       416    0.3577    0.1514    0.1464   0.05235   0.04948  0.007709         0
   432/499     4.35G   0.03309  0.008458         0   0.04155         3       416    0.3493    0.1488    0.1455   0.05219   0.04949  0.007713         0
   433/499     4.35G   0.03238  0.008429         0   0.04081         3       416    0.4609    0.1345    0.1439   0.05186   0.04945  0.007719         0
   434/499     4.35G   0.03228  0.008392         0   0.04067         5       416    0.3414    0.1514    0.1445   0.05186    0.0494  0.007725         0
   435/499     4.35G   0.03276  0.008441         0    0.0412         5       416    0.2968     0.163    0.1454    0.0512   0.04938   0.00773         0
   436/499     4.35G   0.03305  0.008443         0   0.04149         3       416    0.3555    0.1501    0.1468   0.05134   0.04941  0.007729         0
   437/499     4.35G   0.03308  0.008446         0   0.04153         5       416    0.3251    0.1565    0.1468   0.05095   0.04943  0.007731         0
   438/499     4.35G   0.03307  0.008472         0   0.04154         3       416    0.4146    0.1423    0.1462   0.05089   0.04944  0.007732         0
   439/499     4.35G    0.0322  0.008533         0   0.04073         5       416    0.4201    0.1434    0.1454   0.05052   0.04941  0.007736         0
   440/499     4.35G   0.03298  0.008466         0   0.04145         3       416    0.4301    0.1436    0.1459   0.05082   0.04939  0.007736         0
   441/499     4.35G   0.03217  0.008516         0   0.04069         4       416    0.4441    0.1436    0.1459   0.05095   0.04937  0.007735         0
   442/499     4.35G   0.03223   0.00839         0   0.04062         5       416    0.4359    0.1449    0.1465   0.05178   0.04937  0.007734         0
   443/499     4.35G   0.03276  0.008468         0   0.04123         4       416    0.4398    0.1436    0.1458   0.05138    0.0494  0.007733         0
   444/499     4.35G   0.03307  0.008352         0   0.04142         3       416    0.4398    0.1436    0.1471   0.05176   0.04946   0.00773         0
   445/499     4.35G   0.03167  0.008511         0   0.04018         4       416    0.4429    0.1423    0.1476   0.05207   0.04949  0.007727         0
   446/499     4.35G   0.03223  0.008409         0   0.04064         3       416    0.4435    0.1449    0.1484   0.05241   0.04947   0.00773         0
   447/499     4.35G   0.03195  0.008511         0   0.04047         4       416    0.4208    0.1449    0.1468   0.05239   0.04946  0.007732         0
   448/499     4.35G   0.03181  0.008545         0   0.04035         4       416    0.4349    0.1449    0.1464   0.05234   0.04945  0.007741         0
   449/499     4.35G   0.03265  0.008415         0   0.04107         4       416    0.4258    0.1423    0.1449   0.05264   0.04944  0.007747         0
   450/499     4.35G    0.0321  0.008418         0   0.04052         4       416    0.4266    0.1436    0.1451   0.05192   0.04941  0.007754         0
   451/499     4.35G   0.03234  0.008374         0   0.04071         5       416    0.3833    0.1475    0.1445   0.05155   0.04945   0.00776         0
   452/499     4.35G   0.03134  0.008498         0   0.03984         4       416    0.3944    0.1475    0.1444   0.05139   0.04949  0.007762         0
   453/499     4.35G   0.03179  0.008514         0    0.0403         4       416    0.3988    0.1475    0.1431    0.0516   0.04952  0.007766         0
   454/499     4.35G   0.03152  0.008575         0    0.0401         4       416     0.393    0.1475    0.1435   0.05126   0.04952  0.007766         0
   455/499     4.35G   0.03188  0.008435         0   0.04032         3       416    0.3893    0.1462     0.144   0.05131   0.04952  0.007766         0
   456/499     4.35G   0.03197  0.008491         0   0.04046         5       416    0.3491    0.1539    0.1444   0.05176   0.04957  0.007765         0
   457/499     4.35G   0.03211  0.008442         0   0.04055         4       416    0.3531    0.1527    0.1442   0.05211   0.04958  0.007769         0
   458/499     4.35G   0.03173  0.008522         0   0.04025         4       416    0.3095    0.1617    0.1438   0.05172   0.04962   0.00777         0
   459/499     4.35G   0.03212  0.008465         0   0.04059         4       416    0.3754    0.1462    0.1426   0.05099   0.04966  0.007772         0
   460/499     4.35G    0.0314  0.008446         0   0.03985         4       416    0.3808    0.1449    0.1423   0.05062    0.0497  0.007773         0
   461/499     4.35G   0.03287  0.008449         0   0.04131         4       416    0.3875    0.1449    0.1423   0.05019    0.0497  0.007775         0
   462/499     4.35G    0.0312  0.008509         0   0.03971         4       416    0.4382    0.1384    0.1418   0.05032   0.04971  0.007776         0
   463/499     4.35G   0.03258  0.008558         0   0.04114         3       416    0.4464    0.1371      0.14   0.04971   0.04972  0.007779         0
   464/499     4.35G   0.03222  0.008402         0   0.04063         4       416     0.445    0.1371    0.1401   0.04973   0.04974  0.007783         0
   465/499     4.35G   0.03155  0.008438         0   0.03999         4       416     0.452    0.1371    0.1407   0.04956   0.04972  0.007783         0
   466/499     4.35G   0.03142  0.008369         0   0.03979         3       416    0.4518    0.1371    0.1405   0.05016   0.04969  0.007784         0
   467/499     4.35G   0.03098  0.008492         0   0.03947         4       416     0.447     0.137    0.1412    0.0502   0.04966   0.00778         0
   468/499     4.35G   0.03187  0.008521         0   0.04039         4       416    0.2927     0.163    0.1412   0.05014   0.04962   0.00778         0
   469/499     4.35G   0.03211  0.008376         0   0.04048         4       416    0.2877    0.1617    0.1405   0.04949   0.04962  0.007779         0
   470/499     4.35G   0.03126  0.008442         0   0.03971         4       416    0.2816    0.1656    0.1413   0.05006   0.04962  0.007774         0
   471/499     4.35G   0.03099  0.008492         0   0.03948         4       416     0.287    0.1643     0.142    0.0505   0.04963   0.00777         0
   472/499     4.35G   0.03082  0.008522         0   0.03934         4       416    0.2852     0.163    0.1429   0.05066   0.04963   0.00777         0
   473/499     4.35G   0.03128   0.00847         0   0.03975         3       416    0.4375    0.1358    0.1425   0.05044   0.04966  0.007771         0
   474/499     4.35G   0.03254  0.008352         0    0.0409         4       416    0.4408    0.1358    0.1429   0.05055   0.04964  0.007767         0
   475/499     4.35G   0.03162  0.008441         0   0.04006         4       416    0.4486    0.1358    0.1429   0.05052   0.04961  0.007762         0
   476/499     4.35G   0.03145  0.008464         0   0.03991         4       416    0.4462    0.1358    0.1433   0.05104    0.0496  0.007762         0
   477/499     4.35G   0.03147  0.008412         0   0.03988         4       416    0.4396    0.1358    0.1437   0.05075    0.0496  0.007759         0
   478/499     4.35G   0.03149  0.008449         0   0.03994         5       416     0.447    0.1345    0.1435   0.05067   0.04964  0.007756         0
   479/499     4.35G    0.0308  0.008484         0   0.03928         5       416     0.447    0.1345    0.1431   0.05113   0.04968  0.007754         0
   480/499     4.35G    0.0311  0.008463         0   0.03956         3       416    0.4494    0.1358     0.145   0.05114   0.04969  0.007753         0
   481/499     4.35G   0.03086  0.008497         0   0.03935         4       416    0.4514    0.1358    0.1443   0.05084   0.04971  0.007752         0
   482/499     4.35G   0.03138  0.008478         0   0.03986         4       416    0.4575    0.1358    0.1445    0.0508   0.04975  0.007751         0
   483/499     4.35G   0.03066  0.008347         0   0.03901         4       416    0.4583    0.1357    0.1443   0.05075   0.04975  0.007749         0
   484/499     4.35G   0.03067  0.008506         0   0.03918         5       416    0.4646    0.1345     0.144   0.05048   0.04978  0.007748         0
   485/499     4.35G   0.03117   0.00844         0   0.03961         5       416     0.456    0.1345    0.1436    0.0501   0.04981  0.007748         0
   486/499     4.35G   0.03115   0.00846         0   0.03961         3       416    0.4558    0.1345    0.1424    0.0499   0.04983  0.007749         0
   487/499     4.35G   0.03098  0.008396         0   0.03938         4       416    0.4646    0.1332    0.1428   0.05041   0.04983  0.007751         0
   488/499     4.35G   0.03099  0.008458         0   0.03944         4       416    0.4288    0.1371    0.1438   0.05057   0.04984   0.00775         0
   489/499     4.35G   0.03082  0.008415         0   0.03924         4       416     0.423    0.1371    0.1424   0.05042   0.04986  0.007748         0
   490/499     4.35G   0.03038  0.008426         0   0.03881         4       416    0.4249    0.1371    0.1418   0.05027   0.04987  0.007749         0
   491/499     4.35G    0.0308  0.008559         0   0.03936         5       416    0.4325    0.1371    0.1425   0.05037   0.04985  0.007747         0
   492/499     4.35G   0.02992  0.008513         0   0.03843         4       416    0.4434    0.1358    0.1428   0.05029   0.04987  0.007744         0
   493/499     4.35G   0.03127  0.008433         0    0.0397         5       416    0.4287    0.1369    0.1428   0.05031   0.04988  0.007742         0
   494/499     4.35G    0.0313  0.008443         0   0.03974         5       416    0.4555    0.1358    0.1443   0.05081   0.04988  0.007739         0
   495/499     4.35G   0.03123  0.008536         0   0.03977         5       416    0.4601    0.1358    0.1443   0.05105   0.04988  0.007738         0
   496/499     4.35G   0.03107  0.008404         0   0.03947         4       416    0.4607    0.1358    0.1445   0.05102   0.04988  0.007738         0
   497/499     4.35G   0.03095  0.008463         0   0.03941         4       416    0.4598    0.1358    0.1446   0.05092   0.04986  0.007738         0
   498/499     4.35G   0.03092  0.008413         0   0.03933         3       416    0.4635    0.1358    0.1442   0.05111   0.04984  0.007737         0
   499/499     4.35G   0.03069  0.008433         0   0.03912         3       416    0.4568    0.1358    0.1444   0.05102   0.04981  0.007738         0
